3
2 2 3
1 1
1 1

2
1 2
1 1







4
3 2 3 4
1 1
1 1
1 1

5
3 2 3 5
1 1
2 1 4
1 3
1 1







4
2 2 3
1 1
2 1 4
1 3

6
0
0
1 4
1 3
0
0

5
4 2 3 4 5
1 1
2 1 4
2 1 3
1 1






6
2 2 4
2 1 3
2 2 4
3 1 3 5
2 4 6
1 5

7
4 2 5 6 7
3 1 3 4
1 2
1 2
1 1
1 1
1 1

9
1 3
1 3
4 1 2 4 9
2 3 5
3 4 6 7
2 5 8
2 5 8
3 6 7 9
2 3 8






12
10 2 3 4 5 6 7 8 9 10 11
3 1 6 7
3 1 4 6
3 1 3 5
3 1 4 6
5 1 2 3 5 7
4 1 2 6 8
3 1 7 9
3 1 8 10
3 1 9 11
3 1 10 12
2 3 11

11
10 2 3 4 5 6 7 8 9 10 11
5 1 3 4 10 11
3 1 2 5
3 1 2 6
5 1 3 6 8 10
5 1 4 5 7 11
3 1 6 10
3 1 5 11
3 1 10 11
5 1 2 5 7 9
5 1 2 6 8 9

16 
3 2 8 15
3 1 3 14
3 2 4 13
3 3 5 12
3 4 6 11
3 5 7 10
3 6 8 9
3 1 7 16
2 7 14
2 6 13
2 5 16
2 4 15
2 3 10
2 2 9
2 1 12
2 8 11

11
4 2 5 6 9
4 1 3 8 10
4 2 4 9 11
4 3 5 6 10
4 1 4 8 11
3 1 4 7
5 6 8 9 10 11
3 2 5 7
3 1 3 7
3 2 4 7
3 3 5 7